$ANSIBLE_VAULT;1.1;AES256
34663738323630613861613232353435393332643764323763373838353066653561663038643836
6539383361323033303161313962343066643937646432390a373233333236343165353939373966
63613838313030366233396331386535356334616332626336333565346663663536386237336564
3235356532663734630a663134343463323834306562333665393538363261303134393962663830
38616434373239633538313765383266623861613631336265666233613261323536393665363436
62306666366331323665353565383231303839306331393435353363346534306163343033366431
39356638343363353366376164386262333565626262623463613833356631626232326165626339
37333764666134373136333863353536383065383364316565333866336364313033366239363636
38643136396162303238383338656463616431323830366164343363613361623830633664636633
62663439666232623461333939623434363136623932656563616162336564343934323566336434
64343133353665393039333634386433366261393233393932646566626165646535663964316430
31383863663837646465353835303332636335656630373438333936373134336334613433656161
65643062363133313131383031663233343131376135626566376135373261386432303236613062
38363163363736303633356138353263353030343065636530613030373233346536396237363334
32353030383761326536643238303239643964636262646436656130363636623562313265333438
36616532383435373963346631663832323665306261333562363536653835386161636333376366
32383366643835643264373935643530373731366232386463336538363833333335666537653465
63343637353461626435373062313166623239303634323531396332313831656234616538616339
61353434386264653433656364323864316430656137333239373262323565373465303336663962
33613765363133356664613839623466386366343338353539623037326161353562383632303162
32666337396264633163336665326263343035363934333662623636396262366363356237376465
35626636326136633938666166306366336233666331643533643566663865643933363661643931
32626636346535626632313236393064376164393832383066343061626538333631343037333963
32376233323930383034663236333936353464383437666435326465633235643736656165313236
62643130636139303265323133316138313533643565643965333338633633373239653239383562
65613836346433616130326633363031373263326534393639346162386238336436336663393164
63366533393939623661626662393239633138323163346237303534656335366665363364353365
33633564393231646535373733306264366536363137333732646636313937393538636264613033
39656638373366333562643839653435396364343464376163653862393938386636616238623136
64343536346336326236663130363962306331666562383463643161363833356533666266393938
33363735306664616131613139346661343434386664333930313134356462663734613965353734
37313136393866373965633265326536623566356531663466393633653639626335396261613236
62353535313236613062366165316634663865333032386133373363303263313962383731323639
35636430393863326231663263396635386230623266633539653166306233303234623038353763
31303864653131373661636238393164613464653965376634396664656237656562383734336561
37366261333661663362
