$ANSIBLE_VAULT;1.1;AES256
34393439656364626362643336373961366363386335303238323331333234343936643665393634
3430356661353162323663633666353731643166303066350a303239323039633861663561353963
39323937616661616561623732663336323763313566323032613834623231626530353035376164
3833343162616161630a313131303036383737666432386236336536346464656362343733363232
33666165656666366537373866393332363537353235303232393334616239613439353365343937
62653738346264303530313961633132333438636235663533313762616265326632373466306536
37316630333364636237356433323334376235613563326633626561626166613039613434633635
33623531383334343465333131383530363036346536356266336666343534646431666261336461
39363137343461343830396634623264323336616235323964633366663538656231373761316432
39376230303137396662633136643531393831396136393062366134306239636163646265346364
34633866376330363661333638653634303666363838303937353838613466623139323932663965
66373663353937323339616464616161626434623932303865613966646438373834353634303163
33336365633232663736366133333137366164323961386230313435633338366264313664626561
6630666234376461306432323332356131383464633861623930
