$ANSIBLE_VAULT;1.1;AES256
37366238623266326361636464303938636135333330323734303737316435313334396662376336
3731626637656437306430333766363834396236366262390a323161633131666338633031663930
37666361656235343366663937383766323536343364613764356333393831653661373633326339
6430653438303265310a633539343763336539306539306436623937623337643737613330396164
64323336393162326231623165613338363866626638396263336239653762656237643763393863
63366464373832326461376666613163306439373539353533316632353030366165353033323161
30613661666430623439393637376166313163333035333666386461643637353337643839643965
63376336316263666335626336643139643265313664653363373065653564643936306434633964
39303964636138356233613063643434376263653263646261613965333832303266616534656262
36393662303439343234643638613761396635383631343537383462373837653065656537643838
39636333626335663630393938663561666231313838386266366237373863653862656465636231
61356161373932323464313439386630326236386433336262383261376261333939656466643834
34663732636263666566383563303561366633353739336137646561623537616339386136326133
6161393239373532653365393335383837643463373465373761
