$ANSIBLE_VAULT;1.1;AES256
61356166393632656633303036316665393734363332343137343939616235316630343534666631
3035646635613463313763356133336665616431306265330a353661316366326335643731313531
30303239353939393834653331323635613662366136646565623532346564373339303438363938
6330326438313966630a663736653634616665346431626636383433623233373834656663623262
31386237666663636466653339383037323065303534623937653061663763636264636334306434
32303338633531346266623762643534313632653536353164363565306461666635653133613134
37343234623664376333333533643966663830663764613635373437626366393261383138363435
32616634313264366438626165653365616463353132386632303138646164323639343939393830
66653132653537626463643765613539313339643465306235333836306436633037356366363333
39306664336634643934316631646538336233363430386565343635393761326535336630343566
31343732363333353665613733643638333938303961323131373636353131326439643535623935
33306437306663636663313931313765613863393937366462636233373435343763313564373339
66653138303366646237303935633438333937643463346133333832666637356536393935336632
62333161316438363363323733373234323934303965313333626636303566626263653938343663
343638626637326130656236393134386637
