$ANSIBLE_VAULT;1.1;AES256
38303263373734356137343065656631663435633665613233333734643262656262353164376634
6538343333613135653532633337646434353434333633360a396432633933636232393731353661
37663465326335623962303339386433633139333731333235663239383563386266303931376262
3937623361383731320a306162633339663231636636343663393831653537396330373131353836
38313562373038366534613238303563376539313636636165303434313837313532303134623765
33343131306531363831653639356436333136663732383133326633316632316164393331366139
38623238326164353031383634373139616166346164383530346562643633353032356162353930
34643931303735626333623437663133393833316433623365656539353439373261333634653339
66636431626434656633616139373766343663343237643231346234663130626161623136376364
33633636326630636630313036616664303836663530363563386235653738326530306365363065
38363966616366363137666433613665646130356164626136373636356632346138636136316336
63653337626665623738626533303566613266386537346332366537383137373365313265616630
34333962633766643062613934653739366466323964623039643938613331323936353864656365
62353637613230633231376231653738613035663637356566633266616562616339653637333363
31316435313630613062313537653736346336613165623063356238343234613430333261663238
61656235663965356534
